1
00000
01110
01110
11111
00000
1
00110
00111
00100
11111
01110
1
00100
01110
01010
11111
10001
1
01110
10101
10111
10001
01110
2
0110001110
1111011111
1111011111
1111111110
0011111000
1111111100
1111011110
1111011111
1110011101
0000000001
2
0011111100
0110110110
1111111111
1011011101
1111111111
1111001111
0011001100
0010000100
0011001100
0001111000
2
0011100000
0110010000
1101010000
1110010011
0010011111
0110000111
0100000111
1100011101
1110000011
1111111111
2
0001110010
0111100111
1111000010
1110010000
1110111000
1110010001
1111000011
1111111111
011111110
0011111100
3
111110011111111
111000000111111
111011000011111
100011000011111
111000000011111
111100000000111
111100000001100
111000100001001
111000110011001
111000011110001
111100000000011
111111000001111
111111111111111
000000100010000
000111101110000
3
111111111111111
111100000011111
111011111001111
111111111111101
111011111110110
111001111001100
111000000000101
111000000000011
111100000011111
100110000011101
000011111110000
100000111110000
110000000000001
111100000000111
111111111111111
3
00000111111011
00001111111111
00011000011100
11011101101101
11011101101011
11010000001011
11011000011010
01101111111100
00111111101000
00110001101100
00100000110010
00100010110010
11100000001111
00110001001100
00011111111000
3
110110000000000
110110000000000
000000011110000
011100110011000
010101100011000
010110011110010
010100110011001
010101100011010
010111011001101
010110110011001
010100110110001
010110011110011
011011000000110
001101111111100
000111111111111